94	0.5	初修取得	1
86	3	初修取得	1
75	2	初修取得	1
85	1	初修取得	1
77	2	初修取得	1
69	6	初修取得	1
85	3.5	初修取得	1
88.5	4	初修取得	1
93	3	初修取得	1
81	3	初修取得	1
78	2	初修取得	1
80	1	初修取得	1
78	2	初修取得	1
59.5	6	初修取得	0
60	6	补考取得	1
63	4	初修取得	1
75	1.5	初修取得	1
81.5	2.5	初修取得	1
71	4	初修取得	1
90	2	初修取得	1
79	1	初修取得	1
93	0.5	初修取得	1
81	6	初修取得	1
78	1	初修取得	1
56	3	初修取得	0
41	3	补考取得	0
65	4	初修取得	1
80	1.5	初修取得	1
63	4	初修取得	1
85	4	初修取得	1
90	2	初修取得	1
89	2	初修取得	1
52	4	初修取得	0
47	4	补考取得	0
79.5	2.5	初修取得	1
77	3	初修取得	1
85	4	初修取得	1
85	3.5	初修取得	1
93	3	初修取得	-1
75	1	初修取得	0
85	2	初修取得	1
70	1	初修取得	1
95	3.5	初修取得	1
78	3.5	初修取得	1
95	2	初修取得	1
70	2	初修取得	1
84.5	3	初修取得	1
94.5	2.5	初修取得	1
81	4	初修取得	-1
92	2	初修取得	1
89.5	3.5	初修取得	1
80.5	3.5	初修取得	1
82.5	2.5	初修取得	1
70	2	初修取得	1
93	2.5	初修取得	1
85	1	初修取得	1